In [123]: pl_correct(dm_mems, plcon, u[:,0] * 0.03, np.arange(2, 20))
[ 0.06153749  0.04706338  0.04751464 -0.00837876  0.07525855  0.02671189
  0.02576932  0.06630593  0.07368086  0.05478857  0.07526601  0.04207265
  0.0783968   0.08024294  0.06509538  0.06308803  0.07179088  0.05379546]
Start loop closing.
  0%|                                                 | 0/10 [00:00<?, ?it/s][0.06301261 0.05471717 0.04258496 0.01951656 0.07553496 0.01182283
 0.04584489 0.04977524 0.07229876 0.04817987 0.07047439 0.03723482
 0.0802979  0.07562639 0.0665738  0.05347024 0.06963035 0.06340426]
 10%|████                                     | 1/10 [00:01<00:09,  1.06s/it][0.06336338 0.05312851 0.04315055 0.01174825 0.07545843 0.01569958
 0.04456625 0.05196975 0.07310506 0.0469741  0.07137381 0.03922577
 0.08012743 0.0778893  0.06550715 0.05428563 0.0693617  0.06306536]
 20%|████████▏                                | 2/10 [00:02<00:08,  1.06s/it][0.06297641 0.05082702 0.04322517 0.00630127 0.0753707  0.01798402
 0.04155019 0.05427547 0.07414158 0.04577863 0.07211305 0.04161544
 0.08037543 0.07905265 0.06587905 0.05586482 0.06979877 0.06287032]
 30%|████████████▎                            | 3/10 [00:03<00:07,  1.05s/it][0.06286337 0.05038828 0.04374293 0.00118122 0.07523774 0.01969285
 0.04028936 0.05676231 0.07405836 0.04638944 0.07215583 0.04356712
 0.08007141 0.08072485 0.06476555 0.0565974  0.06954722 0.06196478]
 40%|████████████████▍                        | 4/10 [00:04<00:07,  1.18s/it][ 0.06188847  0.05031377  0.04438806 -0.00178593  0.0755125   0.01999279
  0.03951066  0.05902786  0.074143    0.04546032  0.07200646  0.04492552
  0.07961484  0.08082056  0.06497658  0.05764738  0.07007548  0.06148168]
 50%|████████████████████▌                    | 5/10 [00:05<00:05,  1.17s/it][ 0.06183227  0.04899641  0.04560699 -0.00482962  0.07530637  0.02219227
  0.03757354  0.05966248  0.07345455  0.04661296  0.07281052  0.04541324
  0.07994738  0.08100489  0.0650672   0.05842899  0.07033138  0.0605882 ]
 60%|████████████████████████▌                | 6/10 [00:06<00:04,  1.12s/it][ 0.06154135  0.04889994  0.0462785  -0.00697682  0.07550651  0.02233759
  0.03671455  0.06153456  0.07347747  0.04766585  0.07349595  0.04554874
  0.07922153  0.08100573  0.06384153  0.06006144  0.07051136  0.05933421]
 70%|████████████████████████████▋            | 7/10 [00:07<00:03,  1.09s/it][ 0.06140511  0.04859729  0.0461704  -0.00737532  0.07552311  0.02284043
  0.03514933  0.06172512  0.07372723  0.04936359  0.07307398  0.04632078
  0.07901349  0.08060366  0.06424812  0.06049947  0.07094008  0.05817414]
 80%|████████████████████████████████▊        | 8/10 [00:08<00:02,  1.07s/it][ 0.06115794  0.04810481  0.04695881 -0.00715955  0.0753827   0.02322109
  0.03383365  0.06248137  0.0736672   0.05002232  0.07432694  0.04549075
  0.07941137  0.08059572  0.0638837   0.06015727  0.07067988  0.05778403]
 90%|████████████████████████████████████▉    | 9/10 [00:09<00:01,  1.06s/it][ 0.06188147  0.04749984  0.04733131 -0.00813374  0.07478069  0.02408821
  0.03289003  0.06310982  0.07392516  0.05141948  0.07433331  0.04522785
  0.07884915  0.08076756  0.06375152  0.06102464  0.07106473  0.05618896]
100%|████████████████████████████████████████| 10/10 [00:10<00:00,  1.08s/it]
Done, press any key to end. 

In [129]: reader.xc
Out[129]: 
array([ 860.37259426,  794.92451324,  748.22032258,  805.08372365,
        919.02440862,  973.40819088,  906.36621916,  787.31515691,
        694.62884934,  642.22549905,  644.46617411,  698.10772142,
        839.72160951,  948.02135424, 1041.24000303, 1077.82180997,
       1001.26972959,  898.72984689])

In [130]: reader.yc
Out[130]: 
array([692.04753291, 782.83521017, 669.24805749, 563.78518035,
       596.84215107, 695.47245319, 793.35998625, 893.79533218,
       830.36463496, 732.16244755, 620.82823266, 523.52930458,
       455.71276756, 484.03691157, 549.12590402, 655.68297739,
       859.89682662, 904.28698917])